##FastQC	0.11.9
>>Basic Statistics	pass
#Measure	Value
Filename	m64247_211116_212612.demux.bc1003_BAK8A_OA--bc1003_BAK8A_OA.bam.fastq
File type	Conventional base calls
Encoding	Sanger / Illumina 1.9
Total Sequences	722443
Sequences flagged as poor quality	0
Sequence length	123-39288
%GC	57
>>END_MODULE
>>Per base sequence quality	pass
#Base	Mean	Median	Lower Quartile	Upper Quartile	10th Percentile	90th Percentile
1	81.45563317798083	93.0	77.0	93.0	46.0	93.0
2	83.78051694043683	93.0	86.0	93.0	53.0	93.0
3	83.54524163151972	93.0	85.0	93.0	52.0	93.0
4	83.3677535805593	93.0	84.0	93.0	52.0	93.0
5	83.71078133499806	93.0	86.0	93.0	53.0	93.0
6	83.58150054744803	93.0	85.0	93.0	53.0	93.0
7	83.61968625898514	93.0	85.0	93.0	53.0	93.0
8	83.72313386661646	93.0	86.0	93.0	53.0	93.0
9	83.71719014510488	93.0	86.0	93.0	53.0	93.0
10-999	84.09098554582889	93.0	86.98282828282828	93.0	54.14040404040404	93.0
1000-1999	84.22165594469662	93.0	87.152	93.0	54.994	93.0
2000-2999	84.29109943966765	93.0	87.754	93.0	55.0	93.0
3000-3999	84.32881194526512	93.0	87.957	93.0	55.0	93.0
4000-4999	84.34382604629543	93.0	87.99	93.0	55.002	93.0
5000-5999	84.33898852594983	93.0	87.99	93.0	55.0	93.0
6000-6999	84.28596071996402	93.0	87.614	93.0	55.0	93.0
7000-7999	83.87661860305614	93.0	84.968	93.0	53.986	93.0
8000-8999	83.25644427032296	93.0	81.59	93.0	52.503	93.0
9000-9999	82.65611754487792	93.0	78.922	93.0	51.288	93.0
10000-10999	82.02744154189384	93.0	76.54	93.0	50.025	93.0
11000-11999	81.37954276759555	93.0	74.209	93.0	48.817	93.0
12000-12999	80.78766706179134	93.0	72.145	93.0	47.872	93.0
13000-13999	80.09547219157672	93.0	69.86	93.0	46.801	93.0
14000-14999	79.22233526339298	93.0	67.416	93.0	45.541	93.0
15000-15999	78.21547719394657	93.0	65.256	93.0	44.289	93.0
16000-16999	77.19825132203894	92.684	63.399	93.0	43.27	93.0
17000-17999	76.02294224637305	89.168	61.534	93.0	42.232	93.0
18000-18999	74.86038267768906	85.191	59.821	93.0	41.335	93.0
19000-19999	73.86827422996403	82.222	58.456	93.0	40.624	93.0
20000-20999	72.82776174143672	79.728	57.037	93.0	39.807	93.0
21000-21999	71.55196809907753	77.31	55.264	93.0	38.568	93.0
22000-22999	70.42705592831435	75.076	53.93	92.996	37.839	93.0
23000-23999	69.55453372526777	73.309	53.21	92.912	37.386	93.0
24000-24999	68.5350815063407	71.337	52.126	92.019	36.559	93.0
25000-25999	67.95403182520631	70.241	51.54	90.735	36.083	93.0
26000-26999	67.44942875128048	69.271	50.951	89.603	35.577	93.0
27000-27999	66.48729756412524	67.733	49.938	87.584	34.621	92.997
28000-28999	64.78180514889253	65.40625	48.078125	84.3984375	33.421875	92.9921875
29000-29999	64.35314881244678	NaN	NaN	NaN	NaN	NaN
30000-30999	63.466401350821485	NaN	NaN	NaN	NaN	NaN
31000-31999	61.41362864299253	NaN	NaN	NaN	NaN	NaN
32000-32999	59.16052913303661	NaN	NaN	NaN	NaN	NaN
33000-33999	58.805798038726	NaN	NaN	NaN	NaN	NaN
34000-34999	61.986563888888966	NaN	NaN	NaN	NaN	NaN
35000-35999	59.80528571428575	NaN	NaN	NaN	NaN	NaN
36000-36999	58.60360000000005	NaN	NaN	NaN	NaN	NaN
37000-37999	55.61349999999997	NaN	NaN	NaN	NaN	NaN
38000-38999	54.755	NaN	NaN	NaN	NaN	NaN
39000-39288	63.332179930795846	NaN	NaN	NaN	NaN	NaN
>>END_MODULE
>>Per sequence quality scores	pass
#Quality	Count
39	51.0
40	491.0
41	1259.0
42	2000.0
43	2355.0
44	2728.0
45	3090.0
46	3368.0
47	3470.0
48	3749.0
49	4000.0
50	3990.0
51	4082.0
52	4113.0
53	4103.0
54	3998.0
55	4250.0
56	4136.0
57	4270.0
58	4288.0
59	4387.0
60	4559.0
61	4546.0
62	4599.0
63	4545.0
64	4677.0
65	4820.0
66	4714.0
67	4836.0
68	4872.0
69	5006.0
70	5021.0
71	5108.0
72	5146.0
73	5308.0
74	5543.0
75	5871.0
76	6053.0
77	6338.0
78	6620.0
79	6955.0
80	7441.0
81	8057.0
82	8537.0
83	9362.0
84	10462.0
85	11752.0
86	13376.0
87	15579.0
88	18778.0
89	24204.0
90	34113.0
91	59348.0
92	327584.0
93	535.0
>>END_MODULE
>>Per base sequence content	pass
#Base	G	A	T	C
1	30.941402989578414	25.67302887563448	15.938420055284638	27.447148079502465
2	30.73986459831433	26.769032297357715	19.209404755807725	23.28169834852023
3	23.461228083046	24.457569662935345	22.637218437994417	29.44398381602424
4	24.921689323586772	22.183895476874994	20.761222684696232	32.133192514842
5	27.29225696698563	21.787739655585284	21.35019648608956	29.569806891339525
6	29.00187281211113	21.633263800742757	20.85700878823658	28.50785459890953
7	29.08976901983963	20.749180212141304	21.462177638927916	28.69887312909115
8	27.331014349921034	21.00165687812049	22.310687486763662	29.35664128519482
9	28.127893826917834	19.820525633164138	22.495477151830663	29.55610338808736
10-999	28.72705066611537	21.25372725392623	21.217008026093467	28.802214053864926
1000-1999	28.74421111255187	21.21955117952882	21.19979532467617	28.83644238324313
2000-2999	28.739668624721425	21.214932179770766	21.202488019736144	28.84291117577166
3000-3999	28.744044263484042	21.21588835059373	21.198247814747027	28.841819571175204
4000-4999	28.745735952056446	21.216786200425954	21.19555629396087	28.84192155355673
5000-5999	28.75059950629424	21.21237950575855	21.19550216746695	28.841518820480267
6000-6999	28.74545226832615	21.209725398967244	21.199933836237385	28.844888496469224
7000-7999	28.75399773049368	21.197607943182884	21.195258523689763	28.853135802633673
8000-8999	28.816770649899176	21.130096730272175	21.138247858487894	28.914884761340755
9000-9999	28.89110035925036	21.05923133392979	21.06112604468414	28.988542262135702
10000-10999	28.945647216233674	21.00363501466111	21.00714153698772	29.043576232117495
11000-11999	28.991189783418886	20.95772568239142	20.966672190545815	29.08441234364388
12000-12999	29.03515545826855	20.929033571961668	20.943113531852177	29.092697437917604
13000-13999	29.07116115553505	20.8986462718837	20.913266799634265	29.116925772946985
14000-14999	29.094761709124462	20.87249222843677	20.887203363451366	29.145542698987402
15000-15999	29.14539246991334	20.82630252616707	20.859141524292497	29.169163479627098
16000-16999	29.204608343613792	20.812020136749236	20.84628014360676	29.137091376030217
17000-17999	29.18850679551394	20.746631518615693	20.853292234748558	29.21156945112181
18000-18999	29.346479694052935	20.69013928049297	20.761283919302052	29.202097106152042
19000-19999	29.36231030027984	20.69228482255585	20.681619108692956	29.26378576847135
20000-20999	29.43805788932014	20.602503649193142	20.68920982356067	29.27022863792605
21000-21999	29.58962282285006	20.5609503409213	20.621278181332475	29.22814865489617
22000-22999	29.403932035141324	20.571485428994514	20.738441818405295	29.28614071745887
23000-23999	29.292496521444633	20.581418597723943	20.705055228442138	29.421029652389286
24000-24999	29.31794138504284	20.58644020507097	20.72797870237971	29.36763970750648
25000-25999	29.457032391947923	20.730517274744823	20.62511065636207	29.187339676945186
26000-26999	29.143874683509086	20.861411758159203	20.513063075596115	29.481650482735596
27000-27999	29.071401977098482	20.561976186677	21.125016146557556	29.24160568966696
28000-28999	29.479056289600585	20.422550440066605	20.88532318404948	29.213070086283327
29000-29999	29.29270462633452	20.546835282155566	20.38637519064565	29.77408490086426
30000-30999	28.987586998636722	20.645284733682523	21.061443160890676	29.30568510679008
31000-31999	29.85069308341945	19.90521327014218	20.115454513059902	30.12863913337847
32000-32999	30.71190327287888	19.793621013133208	19.480925578486556	30.013550135501355
33000-33999	31.23615418697386	19.930586324028948	19.059223157583812	29.774036331413377
34000-34999	31.872509960159363	19.989009479324082	18.57397994229977	29.564500618216787
35000-35999	31.588962892483348	19.949254678084362	20.028544243577546	28.43323818585474
36000-36999	29.111494914603725	21.492995586259838	19.689119170984455	29.70639032815199
37000-37999	29.51844903064415	21.200750469043154	21.169480925578487	28.11131957473421
38000-38999	26.59875495189587	23.82569326542162	22.807017543859647	26.76853423882286
39000-39288	34.602076124567475	19.72318339100346	17.99307958477509	27.68166089965398
>>END_MODULE
>>Per sequence GC content	fail
#GC Content	Count
0	0.0
1	0.0
2	0.0
3	0.0
4	0.0
5	0.0
6	0.0
7	0.0
8	0.0
9	0.0
10	0.0
11	0.0
12	0.0
13	0.0
14	0.0
15	0.0
16	0.0
17	0.0
18	0.0
19	0.0
20	0.0
21	0.0
22	0.0
23	0.0
24	0.0
25	0.0
26	0.0
27	0.0
28	0.13736741436271951
29	0.2596225841926306
30	0.4008754143328013
31	0.7275608714346024
32	2.3586990328229804
33	6.8414555203873935
34	13.513195729250636
35	29.057817924799792
36	75.81305720251905
37	160.33375541512
38	178.98620976824054
39	138.3222095761304
40	75.5803414262465
41	44.654953001126714
42	22.551946584961428
43	10.405858276251944
44	6.248879541966887
45	6.563501088976843
46	6.582040226920846
47	6.012844296785104
48	7.09421374429128
49	9.211525103877976
50	14.137410820386298
51	18.368009318082912
52	27.15545909142483
53	60.177753802115824
54	142.83777980364823
55	178.94649505152117
56	274.6531642240925
57	608.251904868926
58	1014.6242987123617
59	1404.202375061673
60	1144.5753357736623
61	1082.8008701593235
62	868.2718722340838
63	482.3125999626976
64	162.6737882064226
65	77.6879202799978
66	24.044036481928195
67	2.176561160671326
68	0.052845049021073134
69	0.020610141822263034
70	0.0
71	0.0
72	0.008264462809917356
73	0.006622516556291391
74	0.0
75	0.0
76	0.006622516556291391
77	0.0
78	0.0
79	0.0
80	0.0
81	0.0
82	0.0
83	0.0
84	0.0
85	0.0
86	0.0
87	0.0
88	0.0
89	0.0
90	0.0
91	0.0
92	0.0
93	0.0
94	0.0
95	0.0
96	0.0
97	0.0
98	0.0
99	0.0
100	0.0
>>END_MODULE
>>Per base N content	pass
#Base	N-Count
1	0.0
2	0.0
3	0.0
4	0.0
5	0.0
6	0.0
7	0.0
8	0.0
9	0.0
10-999	0.0
1000-1999	0.0
2000-2999	0.0
3000-3999	0.0
4000-4999	0.0
5000-5999	0.0
6000-6999	0.0
7000-7999	0.0
8000-8999	0.0
9000-9999	0.0
10000-10999	0.0
11000-11999	0.0
12000-12999	0.0
13000-13999	0.0
14000-14999	0.0
15000-15999	0.0
16000-16999	0.0
17000-17999	0.0
18000-18999	0.0
19000-19999	0.0
20000-20999	0.0
21000-21999	0.0
22000-22999	0.0
23000-23999	0.0
24000-24999	0.0
25000-25999	0.0
26000-26999	0.0
27000-27999	0.0
28000-28999	0.0
29000-29999	0.0
30000-30999	0.0
31000-31999	0.0
32000-32999	0.0
33000-33999	0.0
34000-34999	0.0
35000-35999	0.0
36000-36999	0.0
37000-37999	0.0
38000-38999	0.0
39000-39288	0.0
>>END_MODULE
>>Sequence Length Distribution	warn
#Length	Count
0-999	3.0
1000-1999	14.0
2000-2999	18.0
3000-3999	45.0
4000-4999	71.0
5000-5999	455.0
6000-6999	47134.0
7000-7999	169778.0
8000-8999	138983.0
9000-9999	101592.0
10000-10999	84542.0
11000-11999	63719.0
12000-12999	43976.0
13000-13999	28740.0
14000-14999	18192.0
15000-15999	10925.0
16000-16999	6198.0
17000-17999	3474.0
18000-18999	1781.0
19000-19999	1015.0
20000-20999	574.0
21000-21999	378.0
22000-22999	262.0
23000-23999	165.0
24000-24999	125.0
25000-25999	73.0
26000-26999	55.0
27000-27999	45.0
28000-28999	32.0
29000-29999	27.0
30000-30999	19.0
31000-31999	9.0
32000-32999	7.0
33000-33999	7.0
34000-34999	3.0
35000-35999	1.0
36000-36999	2.0
37000-37999	2.0
38000-38999	1.0
39000-39289	1.0
>>END_MODULE
>>Sequence Duplication Levels	pass
#Total Deduplicated Percentage	94.90488010143171
#Duplication Level	Percentage of deduplicated	Percentage of total
1	95.37243332529494	90.51309349718905
2	4.140038779963492	7.858197680554254
3	0.3531245405821243	1.0053972655445897
4	0.07970738740103712	0.30258480177975183
5	0.030358623823720992	0.14405907770173543
6	0.013252693960544046	0.07546471988078403
7	0.006049837971905242	0.04019114031497291
8	0.0022930964348917633	0.017410083377153864
9	9.833916277568282E-4	0.008399579807251218
>10	0.0016124620627976677	0.017898517570409944
>50	0.0	0.0
>100	1.458608767982446E-4	0.017303636280033882
>500	0.0	0.0
>1k	0.0	0.0
>5k	0.0	0.0
>10k+	0.0	0.0
>>END_MODULE
>>Overrepresented sequences	pass
>>END_MODULE
>>Adapter Content	pass
#Position	Illumina Universal Adapter	Illumina Small RNA 3' Adapter	Illumina Small RNA 5' Adapter	Nextera Transposase Sequence	SOLID Small RNA Adapter
1	0.0	0.0	0.0	0.0	1.3841922476928975E-4
2	0.0	0.0	0.0	0.0	1.3841922476928975E-4
3	0.0	0.0	0.0	0.0	2.768384495385795E-4
4	0.0	0.0	0.0	0.0	4.152576743078693E-4
5	0.0	0.0	0.0	0.0	4.152576743078693E-4
6	0.0	0.0	0.0	0.0	4.152576743078693E-4
7	0.0	1.3841922476928975E-4	0.0	0.0	4.152576743078693E-4
8	0.0	1.3841922476928975E-4	0.0	0.0	4.152576743078693E-4
9	0.0	1.3841922476928975E-4	0.0	0.0	4.152576743078693E-4
10-999	5.69616082535437E-4	0.010543909675052181	0.003180006917326009	0.0	0.02488022647398542
1000-1999	0.0013852996014910512	0.035047055615460246	0.008382806671252938	0.0	0.0732899342923941
2000-2999	0.002924106123251281	0.05820832923843119	0.014154057828783687	0.0	0.11953925776843291
3000-3999	0.004404914989833076	0.07875638631698294	0.0191537602274504	0.0	0.16531338804583923
4000-4999	0.005476971885671368	0.09913432616829315	0.025311754698986718	0.0	0.21073773294225306
5000-5999	0.006532141636087647	0.1192413795967294	0.030692386804218416	0.0	0.25284832159768944
6000-6999	0.007605997981847565	0.13836551811007916	0.037789278877364774	0.0	0.29643944228125985
7000-7999	0.00821711885920404	0.1582458408483435	0.04308630577083585	0.0	0.336131154983853
8000-8999	0.008593203892902183	0.1750599009195194	0.04656311985859076	0.0	0.3698953412241521
9000-9999	0.008752386001386829	0.18742765865265562	0.049376767440476366	0.0	0.3926197637737519
10000-10999	0.008978424595435113	0.19500002076288445	0.05223360182048992	0.0	0.40843623649201327
11000-11999	0.009441713740738116	0.20096007574299843	0.053884251075862435	0.0	0.41738130205427626
12000-12999	0.009550926509081107	0.2044627742257895	0.05458977386451216	0.0	0.4226859420051119
13000-13999	0.009550926509081107	0.20748197435645768	0.05483975898444512	0.0	0.42732949173845264
14000-14999	0.009550926509081107	0.2091403750884131	0.05509085145817659	0.0	0.4302758833568892
15000-15999	0.009550926509081107	0.20995746377222765	0.055223041817831844	0.0	0.43101767198242574
16000-16999	0.009550926509081107	0.21025617245928324	0.05537391877283152	0.0	0.43155972166663104
17000-17999	0.009550926509081107	0.21043071910171726	0.05550610913248576	0.0	0.43209595774338205
18000-18999	0.009550926509081107	0.21053564087409193	0.05550610913248576	0.0	0.4324086467721337
19000-19999	0.009550926509081107	0.21053564087409193	0.05550610913248576	0.0	0.43281310774690035
20000-20999	0.009550926509081107	0.21053564087409193	0.05550610913248576	0.0	0.4328369158535607
21000-21999	0.009550926509081107	0.21067059961823587	0.05550610913248576	0.0	0.4328369158535607
22000-22999	0.009550926509081107	0.2106740600988551	0.05550610913248576	0.0	0.4328369158535607
23000-23999	0.009550926509081107	0.2106740600988551	0.05550610913248576	0.0	0.4328598934448699
24000-24999	0.009550926509081107	0.2106740600988551	0.05550610913248576	0.0	0.43304468310995525
25000-25999	0.009550926509081107	0.210716139543189	0.05550610913248576	0.0	0.4331137543031176
26000-26999	0.009550926509081107	0.2108124793236292	0.05550610913248576	0.0	0.4331137543031176
27000-27999	0.009550926509081107	0.2108124793236292	0.05550610913248576	0.0	0.4331137543031176
28000-28999	0.009550926509081107	0.21082715176145314	0.05550610913248576	0.0	0.4331137543031176
29000-29999	0.009550926509081107	0.21095089854839635	0.05550610913248576	0.0	0.43319417587269987
30000-30999	0.009550926509081107	0.21095089854839635	0.05550610913248576	0.0	0.4332521735278761
31000-31999	0.009550926509081107	0.21095089854839635	0.05550610913248576	0.0	0.4332521735278761
32000-32999	0.009550926509081107	0.21095089854839635	0.05550610913248576	0.0	0.4332521735278761
33000-33999	0.009550926509081107	0.21095089854839635	0.05550610913248576	0.0	0.4332521735278761
34000-34999	0.009550926509081107	0.21095089854839635	0.05550610913248576	0.0	0.4332521735278761
35000-35999	0.009550926509081107	0.21095089854839635	0.05550610913248576	0.0	0.4332521735278761
36000-36999	0.009550926509081107	0.21095089854839635	0.05550610913248576	0.0	0.4332521735278761
37000-37999	0.009550926509081107	0.21095089854839635	0.05550610913248576	0.0	0.4332521735278761
38000-38999	0.009550926509081107	0.21095089854839635	0.05550610913248576	0.0	0.4332521735278761
39000-39277	0.009550926509080968	0.2109508985483971	0.05550610913248544	0.0	0.43325217352787615
>>END_MODULE
